pred_result:[1 1 1 1 1 1 1 1 1 1 1 1 1 1 1 1 1 1]
true_result:[1 0 1 1 0 0 0 2 0 2 1 2 1 1 1 2 1 1]
err_ratio:0.5
pred_result:[1 0 1 1 0 0 0 1 0 1 1 1 1 1 1 1 1 1]
true_result:[1 0 1 1 0 0 0 2 0 2 1 2 1 1 1 2 1 1]
err_ratio:0.222222222222
pred_result:[1 1 1 1 1 1 1 1 1 1 1 1 1 1 1 1 1 1]
true_result:[1 0 1 1 0 0 0 2 0 2 1 2 1 1 1 2 1 1]
err_ratio:0.5
pred_result:[1 0 1 1 0 0 0 1 0 1 1 1 1 1 1 0 1 1]
true_result:[1 0 1 1 0 0 0 2 0 2 1 2 1 1 1 2 1 1]
err_ratio:0.222222222222
